1 3939998555561972049025640287864223434709923173638843972153
2 3732859389748908245968583242632252706619034851253722662781
3 3090295202523135405823707627107781909891122550902968126757
4 4764071343994499443156063170271038322537285532573817330701
5 3185319437555257999374552864719378498172213479011575518509
6 3310334915133235806777051279742653319467619357216838254199
7 2723472400419387617049495494445781166410884419628550937737
8 3264725147605023931955332849768899894888330225858968774347
9 5119365842806246687937893450563428573740308164987536171439
10 3490147546668214155842106785771659239769325029366621340107
11 3458964708532867203431588770362398417925148162884181395221
12 5829697204166173732953050222531106584602572307281168127843
13 2769964103395317817409729346041152288526224473297730663913
14 4971785650174687754099923251174273892365073737196521395867
15 4210170983081380216835542035913633194736717055440980185723
16 4221048399928924290682531823641002367272634987478167327397
17 4849515956151117738975664340535779494989752894523700069097
18 2452225802549416136867104969257366059941590145126040724473
19 3745297237435775513521674355681208356039447053373756007023
20 2511437117287406031952552145937029943621919111419167838559
21 3583879053759678077812574363943462584615164843253771676923
22 3911705396698293587041872072417874740721431658493267552417
23 3264049563434407761681254687283286844016497592586571622953
24 3691506311362246703061655773700401216385727049266172882653
25 3841163437109793699454020606651071163234210932527864967213
26 1692811328054782313226752670333490013297879037690698424703
27 4225415616204801272409607773354902308876203630031718964211
28 2343633494617809596408572922503191157529805456845154691871
29 3212563876181914134581654838691561243017534971256226549553
30 4253286642223706143187859418770063106180555101210398918297
31 5533470595527679113473542959357104093161248099232336705847
32 3255909811638459429306742564162538013370755088125145190279
33 3722142464338552331137130541044551852364704791520781075137
34 2493605094862263659938232885328950290884289995402744824407
35 3654035138995118203163707070625390355561969608910564725913
36 3054845977088080087705537959113313053369536029531162721597
37 2672530138722351065047821840130414628767865052510758052919
38 3116505961401640105773099491023604789297588238332008819787
39 5357712447877923830559489011489769206033894580726305050669
40 3908080059950554291116040574610809178045101244151064311879
41 2286098212929673987042255775051014171631388506292763221419
42 5670191445989432077530066424175175576285371276894195707529
43 2420055884423849615069531266423467472170846736209158508757
44 3269953757363343520799806815621948568394440509673659328931
45 2344386182292673867589558052996240364072948544237108920277
46 4552135231232911252579950246420364891251411378274964285879
47 2877807722129419290077369698646596894942058875165238548507
48 2402948889571530736111085478371751039077838124317828730189
49 2213078432715519429844232643161445487010928615475026661489
50 2926276056965380305813480054736752811466002823207475705967
51 4645552491874224366923485835272036944906927724651046851021
52 4073406498203879329230341790653389861776487600636292780119
53 4470794534875288142934421542531724095855072037720606326919
54 4578773486672599922147173159368168893610134019979158925307
55 2904553983605098970764498150347959995313908564655144082751
56 3575950599616105071290365816044277403141681666403351954953
57 3938110137206439389367643883756652320353498822350399596563
58 5583689973706297590933241981877956242412714106654685028069
59 4870555969855917662579818173169017083673225755006983543099
60 2979067535374067708982972361716956654353624231405447735669
61 2110267677174199976256108096529297497012778187930259809987
62 5386565089459882370510220738104766461406065720841525623543
63 2817756594084113174536065362865027786539594528738176551761
64 2158222737139220795364406256797038131823124737038074683659
65 4250720455253573386914675699177644495367617606614105092983
66 3633529197078342615240293645123334986375466798060589206541
67 4294364682748713539488509472436514494733876676568618585959
68 1829692502483990384394471986221453098725417853039734905609
69 3058199821289120294924554179690019610201578687017970651727
70 2528745424122090882552872790485021877445358411244609599893
71 3135174290501630187721870188663013895189999489156342772241
72 2352601171154405818480093776583893421939104084757153372087
73 2809165684174494642382721472117363512890424444107369094503
74 3114793101802033907645336881436426164380597491116016306881
75 4025811792676966384998011218834842507825538313412634161829
76 3875755295229876883216228586588273079864903990313356677819
77 2532433439962298408705345889783374047287108008445736235873
78 3493134274322824792546757545904588064696036788289822061241
79 3567259336831129867604063678845545299913617052180488703161
80 2879142991316113747063140981482416880252853437449843891321
81 3136349088621664778875803479968120815634648937329256639509
82 4080351071542760867807065450579747696895970065927853315421
83 1906045745705184234339660652240735342470538109648721650851
84 3091933204126956510658479829545111563883322178767403161693
85 4248379555876810409482921393041693556463046483596678280949
86 5024175011365149841756085854442284213160315362467799588501
87 3383206233116185252844937419937071362661302692974913297589
88 3249121829210252162573186075394050812087621251824420936107
89 3990043427631747322581150216556147444220710978170795549929
90 4075429100672542112742235434901618710454469092828205700581
91 3003928763914955379145698503472458150986034068025746567123
92 3297145952934315432321168179074015388563372880828991463681
93 3265358945892250554763337308293548223320143373238250150237
94 2213477650772982237757639785564257658901807149696314175281
95 4949245672729071217350628965759398931622723349865656038249
96 1772680710680713313374843197107545568432959331815627536679
97 3658414609625656805044936891163393989687991418513242755649
98 2966832867007488841609807871438203116444156411193431440081
99 2503645125083573061834932924499151622697002073875736220229
100 3927166518454861402421317704933617132733326203000460627833
